0.464573
0.467721
0.504001
0.530184
0.464786
0.435473
0.432843
0.430875
0.420849
0.418334
0.427
0.425861
0.424864
0.42799
0.421872
0.424864
0.428473
0.425523
0.426859
0.422869
0.438024
0.430588
0.433641
0.438575
0.436529
0.439553
0.440822
0.436832
0.429851
0.435835
0.425292
0.424533
0.439851
0.438048
0.43257
0.42985
0.438046
0.438804
0.439809
0.440019
0.430849
0.432843
0.433828
0.448786
0.446109
0.434514
0.442816
0.430815
0.429394
0.430848
0.426859
0.430374
0.428465
0.423867
0.427854
0.429946
0.428854
0.425861
0.428109
0.426859
0.425504
0.433008
0.442815
0.445809
0.442311
0.446485
0.448775
0.426413
0.44053
0.440122
0.443324
0.448499
0.439151
0.437329
0.441494
0.437796
0.428402
0.446615
0.460156
0.435052
0.438985
0.429495
0.425861
0.429161
0.422868
0.444071
0.443462
0.451792
0.451782
0.447599
0.450478
0.443814
0.449594
0.447832
0.43982
0.442106
0.444811
0.441794
0.447208
0.4488
