0.120279
0.106715
0.117684
0.100758
0.101725
0.106689
0.105718
0.102725
0.120676
0.120675
0.116336
0.106688
0.099363
0.1026
0.101754
0.102697
0.099733
0.099384
0.10073
0.099733
0.097345
0.094747
0.096767
0.096771
0.096741
0.093721
0.094747
0.092753
0.092752
0.097767
0.095744
0.094748
0.096741
0.094747
0.095743
0.095745
0.094746
0.097763
0.098372
0.118682
0.107712
0.100487
0.099708
0.094747
0.09375
0.098762
0.096715
0.094747
0.095744
0.094748
0.094721
0.093528
0.091755
0.093406
0.112699
0.105718
0.109708
0.098762
0.104693
0.119681
0.117686
0.113471
0.119664
0.10435
0.115682
0.118679
0.127667
0.108709
0.115367
0.115745
0.108715
0.102697
0.110727
0.108661
0.101969
0.092752
0.098189
0.122682
0.108317
0.127657
0.146199
0.118681
0.111718
0.105332
0.109733
0.131624
0.112696
0.099111
0.097275
0.09774
0.098411
0.102725
0.103723
0.10073
0.097739
0.102781
0.100724
0.103722
0.101728
0.100731
