0.188469
0.17717
0.173536
0.181515
0.176529
0.178548
0.206151
0.194143
0.182566
0.184502
0.178551
0.188472
0.170543
0.169503
0.170545
0.167213
0.164559
0.181542
0.171542
0.169547
0.169573
0.171541
0.170545
0.171568
0.170542
0.166261
0.164206
0.169573
0.194473
0.175618
0.175265
0.168567
0.170545
0.168542
0.170525
0.167578
0.169519
0.164168
0.165206
0.168537
0.169573
0.170544
0.170543
0.170544
0.170544
0.17112
0.17223
0.170544
0.170544
0.171541
0.16855
0.170544
0.168535
0.16806
0.166754
0.167551
0.165192
0.16658
0.173536
0.163576
0.169266
0.172431
0.171287
0.170545
0.172538
0.172569
0.167498
0.166554
0.168581
0.171656
0.172211
0.169547
0.169547
0.172539
0.169547
0.178496
0.170569
0.173712
0.172223
0.170516
0.164559
0.168549
0.166554
0.165557
0.166061
0.16456
0.166189
0.165558
0.165557
0.166555
0.165557
0.16456
0.167543
0.166169
0.170248
0.169529
0.171541
0.168535
0.172539
0.175363
