0.306181
0.299255
0.307478
0.332114
0.308964
0.301937
0.306049
0.300871
0.291221
0.287204
0.286236
0.280573
0.28823
0.287204
0.286235
0.284946
0.280927
0.290224
0.279253
0.281912
0.284238
0.279905
0.279416
0.281248
0.286235
0.282252
0.282881
0.28025
0.284239
0.285237
0.288429
0.288257
0.289227
0.290224
0.292219
0.290225
0.290226
0.291187
0.290225
0.291782
0.290902
0.290226
0.2922
0.291222
0.292214
0.292219
0.293216
0.293164
0.292221
0.292345
0.291916
0.297204
0.282218
0.288959
0.291901
0.291222
0.289846
0.288874
0.278256
0.280912
0.280251
0.287951
0.290141
0.280993
0.290229
0.292213
0.295632
0.293205
0.2929
0.292214
0.29222
0.290224
0.289284
0.288931
0.292488
0.291221
0.292666
0.292924
0.282218
0.280251
0.277259
0.28738
0.289874
0.282245
0.282273
0.306728
0.293491
0.290931
0.299173
0.288231
0.291247
0.28817
0.291897
0.28823
0.291217
0.291691
0.283844
0.292231
0.290224
0.291223
