0.18952
0.181994
0.17553
0.192487
0.183508
0.189506
0.206491
0.189547
0.187499
0.183498
0.181502
0.177526
0.174533
0.172538
0.167524
0.168576
0.172128
0.17125
0.175531
0.173536
0.171542
0.180515
0.209466
0.185495
0.191493
0.194531
0.299694
0.219892
0.195493
0.18254
0.177532
0.170528
0.168549
0.169574
0.173535
0.170544
0.173535
0.172563
0.175025
0.171546
0.170543
0.177037
0.184228
0.23347
0.176224
0.191463
0.207443
0.181514
0.176538
0.197471
0.214426
0.220413
0.192042
0.183537
0.17229
0.189494
0.262271
0.201503
0.214426
0.239333
0.212458
0.2051
0.173564
0.171541
0.173562
0.176554
0.200504
0.1851
0.173536
0.174242
0.172542
0.173536
0.170544
0.17254
0.172538
0.17205
0.172268
0.172539
0.170543
0.173079
0.170544
0.169229
0.172901
0.169546
0.168207
0.168549
0.166555
0.167552
0.169546
0.170543
0.170035
0.17556
0.172184
0.174538
0.172539
0.176528
0.170546
0.174614
0.174647
0.174238
