0.440987
0.442765
0.477375
0.44719
0.444654
0.4466
0.43412
0.42121
0.436408
0.558702
0.489785
0.514237
0.511277
0.460721
0.462078
0.439942
0.447287
0.447254
0.470974
0.455065
0.453081
0.432324
0.444339
0.444441
0.447206
0.444857
0.472317
0.486621
0.453749
0.501539
0.466746
0.4876
0.494209
0.452054
0.444159
0.442842
0.44172
0.507132
0.46406
0.458688
0.447886
0.436846
0.452307
0.596981
0.509489
0.604702
0.499436
0.57201
0.469459
0.504998
0.466313
0.521467
0.524325
0.503222
0.453882
0.471436
0.519319
0.475621
0.504713
0.504942
0.504748
0.457772
0.457266
0.517334
0.509529
0.529275
0.506843
0.493575
0.479244
0.496383
0.579699
0.52785
0.552367
0.494672
0.472759
0.471698
0.448302
0.426154
0.426723
0.447444
0.449269
0.43644
0.442042
0.426234
0.503942
0.452371
0.44036
0.43214
0.47479
0.509447
0.484003
0.520949
0.461318
0.533278
0.491214
0.550642
0.479376
0.479929
0.480591
0.513261
