0.005979
0.005936
0.007026
0.005984
0.005988
0.005981
0.006011
0.005985
0.005983
0.004963
0.004986
0.004987
0.004987
0.006954
0.005983
0.005983
0.005984
0.006982
0.005984
0.004986
0.005984
0.005984
0.004986
0.006012
0.004987
0.005983
0.005985
0.004986
0.004988
0.005004
0.005137
0.004992
0.005037
0.004987
0.00496
0.004987
0.005984
0.005
0.005942
0.005983
0.007035
0.004987
0.00596
0.006013
0.00598
0.005984
0.005989
0.005955
0.006012
0.004984
0.005931
0.00601
0.004987
0.004987
0.00499
0.004986
0.005988
0.004988
0.004996
0.004987
0.005984
0.004987
0.004987
0.005984
0.005984
0.004987
0.004986
0.005984
0.004986
0.004987
0.004987
0.004986
0.005984
0.005984
0.004987
0.005984
0.004987
0.004987
0.005984
0.005984
0.004987
0.005984
0.004987
0.004987
0.005984
0.004986
0.004986
0.005984
0.004987
0.004987
0.005984
0.005984
0.005044
0.005014
0.004988
0.005957
0.006011
0.005956
0.007014
0.006984
