0.000998
0.000997
0.000997
0.000997
0
0.000997
0.000998
0.000997
0.000997
0.000993
0.000997
0.000998
0.000997
0.000997
0.000998
0
0
0
0
0.000998
0.000997
0.000997
0.000998
0.001994
0.000998
0.000997
0.000997
0.000998
0.000997
0.000997
0.000998
0.000997
0.000997
0.000997
0.000997
0.000998
0.000997
0.000997
0.000998
0
0
0.000997
0.000997
0.000998
0.000997
0.000997
0.000998
0.000997
0.000997
0.000998
0
0
0.000998
0.000997
0.000997
0.000998
0.000997
0.000997
0.000998
0.000997
0.000998
0.000997
0
0
0
0
0
0
0
0
0
0
0
0
0
0
0
0.000998
0.000997
0.001
0.001001
0.000998
0.000996
0
0
0.000997
0.000998
0.000997
0.000997
0.000998
0.000997
0.000997
0.000998
0.000997
0
0
0
0
0.000997
0.000997
