0.109821
0.09753
0.096793
0.099219
0.098763
0.096436
0.0971
0.095906
0.097749
0.100086
0.101267
0.116593
0.099371
0.107178
0.097198
0.098664
0.099509
0.101305
0.096288
0.096113
0.096327
0.096345
0.096441
0.098515
0.096573
0.096457
0.096316
0.095316
0.095986
0.098644
0.098091
0.096477
0.093207
0.096964
0.095571
0.096324
0.094734
0.096828
0.095142
0.095826
0.095548
0.101266
0.096587
0.097294
0.101402
0.097591
0.097343
0.096195
0.096452
0.097239
0.096352
0.095229
0.096373
0.096825
0.097322
0.097827
0.096623
0.094734
0.096093
0.094211
0.09527
0.094872
0.095234
0.095418
0.098394
0.094224
0.096218
0.095425
0.095217
0.095396
0.095484
0.095867
0.095438
0.096256
0.097265
0.095
0.096346
0.095044
0.095252
0.095379
0.095496
0.095767
0.096323
0.096382
0.096271
0.097357
0.096811
0.09739
0.098308
0.095014
0.095544
0.096867
0.095307
0.096733
0.096362
0.097469
0.097157
0.095673
0.096945
0.096799
