0.183886
0.170494
0.168276
0.171006
0.172017
0.171857
0.202092
0.177019
0.173581
0.170308
0.170521
0.171602
0.171416
0.172265
0.170586
0.171686
0.168969
0.172545
0.169904
0.17354
0.166457
0.170008
0.169237
0.173136
0.171133
0.170326
0.170122
0.170953
0.171383
0.172013
0.171521
0.168737
0.172817
0.170465
0.174272
0.172407
0.172448
0.169891
0.176311
0.170449
0.170233
0.172198
0.17071
0.168905
0.171479
0.167313
0.168422
0.170175
0.170463
0.171341
0.169772
0.170888
0.170118
0.171623
0.170668
0.169377
0.16912
0.169321
0.170478
0.169396
0.170273
0.169553
0.171304
0.169497
0.172604
0.168552
0.170997
0.170826
0.169108
0.171699
0.173156
0.16959
0.170816
0.17265
0.170695
0.170937
0.17034
0.170104
0.171811
0.169288
0.170219
0.170119
0.171742
0.163425
0.164773
0.162298
0.164898
0.167248
0.170632
0.170193
0.170374
0.171563
0.169343
0.172981
0.17185
0.169845
0.177969
0.168782
0.171364
0.1701
