0.304045
0.302248
0.324376
0.347703
0.317997
0.298522
0.28646
0.285562
0.309999
0.334088
0.324616
0.312261
0.307872
0.317219
0.288682
0.33316
0.351985
0.338157
0.307604
0.318721
0.307511
0.315761
0.313536
0.315387
0.295189
0.30561
0.314565
0.349902
0.308824
0.303321
0.307377
0.291916
0.297679
0.298358
0.321383
0.321487
0.2957
0.309063
0.308924
0.30281
0.304865
0.297116
0.317655
0.302334
0.303825
0.299305
0.314049
0.321793
0.334056
0.299345
0.3184
0.309688
0.300845
0.299798
0.294036
0.301886
0.306502
0.360081
0.314016
0.304072
0.294771
0.286966
0.283232
0.313217
0.312787
0.292746
0.288055
0.294361
0.297776
0.30624
0.297074
0.323952
0.313047
0.310373
0.300759
0.30118
0.302524
0.314658
0.311147
0.309582
0.304463
0.310056
0.307868
0.312251
0.299192
0.309868
0.329381
0.334381
0.354561
0.307151
0.296341
0.305391
0.317792
0.312265
0.33694
0.312183
0.311888
0.307342
0.312725
0.292764
