0.179109
0.172221
0.172467
0.176521
0.204958
0.197349
0.192992
0.183842
0.170426
0.174067
0.172935
0.192696
0.19289
0.178722
0.17076
0.17254
0.188452
0.219242
0.209405
0.180881
0.183476
0.179618
0.182219
0.16937
0.170397
0.172373
0.172728
0.170183
0.173506
0.173027
0.16891
0.172229
0.171092
0.172136
0.173556
0.170175
0.16936
0.173134
0.17042
0.170325
0.172085
0.172266
0.171129
0.173957
0.172696
0.168601
0.180337
0.168751
0.166781
0.170057
0.17221
0.171748
0.172675
0.17275
0.171525
0.171974
0.172283
0.171195
0.172257
0.17309
0.171476
0.172468
0.171797
0.171336
0.171433
0.172813
0.173477
0.1725
0.170151
0.172471
0.170881
0.171853
0.175434
0.170481
0.171982
0.172746
0.170252
0.174007
0.172569
0.171463
0.182446
0.170437
0.171978
0.172841
0.173454
0.171887
0.172898
0.1734
0.175966
0.175991
0.173563
0.174093
0.174447
0.173727
0.173141
0.175964
0.176315
0.173013
0.173213
0.172313
