5.15951
5.13266
5.31701
5.23061
5.23662
5.1071
5.0106
4.96588
5.08836
5.18553
5.30443
5.47012
5.76151
5.50875
5.66906
5.60038
5.63157
5.4936
5.84331
5.26965
5.1428
5.40219
5.70745
5.90149
5.75216
5.78519
5.80445
5.846
5.79558
5.51727
5.63999
5.70814
5.461
5.18339
5.30325
5.06354
5.1372
5.17369
5.23391
5.83196
5.65297
5.60543
5.62584
5.59194
5.07409
5.13134
5.25439
5.04631
5.36978
5.5406
5.49353
5.66398
5.55034
5.28372
5.37146
5.19785
5.27959
5.11405
4.97403
5.24553
5.35816
5.2951
5.1215
5.04201
5.11168
5.95443
5.55723
5.09206
5.09157
5.20366
5.2469
5.20033
5.26217
5.41986
5.56692
5.37441
5.41408
5.04368
5.06509
5.09737
5.17344
5.17585
5.11376
5.01537
5.1113
5.33574
5.11067
5.25131
5.27577
5.16322
5.18032
5.2051
5.14689
5.20389
5.14866
5.14877
5.21498
5.24979
5.25908
5.43422
